0 724.28
1 -1112.755
2 -325.68
3 1040.66
4 375.705
5 87.496
6 55.091
7 126.787
8 143.378
9 -493.419
10 -705.037
11 852.307
12 548.313
13 37.349
14 419.639
15 -599.561
16 -123.982
17 -385.343
18 -441.21
19 96.362
20 -133.685
21 470.403
22 -327.213
23 110.037
24 388.775
25 -6.866
26 -474.184
27 -104.504
28 484.976
29 -653.106
30 280.183
31 309.349
32 -382.182
33 423.053
34 -487.914
35 -1008.671
36 41.3
37 -387.846
38 -828.402
39 738.18
40 48.852
41 -148.615
42 -424.379
43 441.872
44 12.94
45 -934.735
46 -493.502
47 479.84
48 274.081
49 260.998
50 -279.704
51 -292.968
52 151.937
53 -329.894
54 -4.58
55 904.364
56 -588.12
57 -182.008
58 671.391
59 -605.002
60 73.379
61 -59.317
62 -1227.351
63 -718.006
64 -156.631
65 726.739
66 1699.615
67 422.187
68 -1258.43
69 27.176
70 -565.339
71 262.924
72 52.819
73 18.385
74 -268.605
75 37.196
76 791.663
77 -637.1
78 -143.486
79 -327.286
80 99.134
81 -648.887
82 -744.662
83 -238.781
84 -342.26
85 1001.405
86 -584.128
87 -781.188
88 -161.666
89 287.7
90 1267.851
91 146.677
92 979.074
93 -214.01
94 699.017
95 455.463
96 421.406
97 549.479
98 -527.181
99 -527.665
100 -1065.577
101 1264.885
102 -484.691
103 946.793
104 362.234
105 -1062.312
106 -83.916
107 58.415
108 -333.395
109 -1038.762
110 -588.128
111 31.539
112 -413.497
113 -4.381
114 22.305
115 748.253
116 725.625
117 -229.778
118 -116.143
119 -714.076
120 -352.506
121 -714.411
122 896.967
123 210.137
124 37.415
125 -2.459
126 -19.572
127 522.126
128 1255.522
129 546.432
130 -339.779
131 -1314.073
132 -260.324
133 -178.399
134 -148.265
135 -317.549
136 924.625
137 124.688
138 -35.673
139 -514.576
140 -571.335
141 1282.59
142 -367.169
143 56.268
144 686.874
145 422.697
146 513.583
147 979.104
148 -455.136
149 21.955
150 496.497
151 -445.078
152 -559.628
153 440.403
154 486.126
155 245.403
156 -259.936
157 -889.705
158 -888.811
159 -13.922
160 610.144
161 922.137
162 113.236
163 -457.856
164 54.622
165 569.285
166 768.094
167 611.323
168 -717.664
169 272.065
170 -579.545
171 615.974
172 -17.913
173 -414.073
174 -530.801
175 799.732
176 -490.305
177 -746.268
178 53.495
179 638.03
180 -197.61
181 -733.122
182 -210.678
183 -1147.669
184 112.601
185 -38.328
186 127.292
187 504.038
188 106.918
189 613.19
190 -385.983
191 -175.118
192 722.511
193 98.722
194 -117.208
195 583.373
196 -954.233
197 -337.374
198 -478.772
199 222.375
200 -342.212
201 134.54
202 66.934
203 -120.721
204 -825.845
205 -187.064
206 272.364
207 355.114
208 -234.945
209 -388.926
210 502.712
211 -172.739
212 605.532
213 -568.01
214 -180.745
215 128.521
216 81.222
217 558.441
218 559.449
219 -239.646
220 -856.836
221 790.48
222 -590.641
223 -249.165
224 -531.422
225 -1224.526
226 413.358
227 -494.574
228 34.267
229 -61.25
230 430.858
231 258.166
232 548.604
233 177.695
234 -1065.724
235 -218.413
236 -471.677
237 -932.701
238 -359.84
239 415.535
240 -94.385
241 -996.317
242 19.493
243 -1225.65
244 -214.197
245 56.256
246 192.542
247 -725.899
248 327.742
249 421.472
250 -692.066
251 -277.869
252 134.997
253 -587.986
254 -239.199
255 -4.873
256 -170.777
257 -296.245
258 -16.934
259 156.373
260 71.614
261 47.965
262 -1156.256
263 464.744
264 511.558
265 -276.439
266 170.499
267 409.235
268 -449.435
269 -566.345
270 -380.015
271 242.109
272 -635.046
273 -613.521
274 1472.81
275 -1334.465
276 -810.794
277 -927.634
278 -596.277
279 -676.312
280 -499.415
281 243.16
282 75.901
283 -509.57
284 610.491
285 -1100.698
286 263.031
287 195.367
288 -96.828
289 794.232
290 150.683
291 -141.831
292 -222.252
293 -593.959
294 -408.269
295 115.767
296 86.808
297 -631.72
298 120.296
299 -451.313
300 -672.65
301 -226.226
302 -187.931
303 -109.015
304 3.51
305 -292.687
306 1109.352
307 907.066
308 106.594
309 -140.376
310 -1045.004
311 -40.232
312 -602.417
313 -876.675
314 321.264
315 -189.871
316 9.456
317 -228.501
318 -1039.372
319 -295.266
320 830.269
321 -141.704
322 -416.974
323 274.786
324 -530.685
325 -35.704
326 -470.883
327 1393.994
328 350.698
329 -913.287
330 -1090.087
331 -918.467
332 -328.334
333 -20.463
334 191.303
335 15.46
336 898.355
337 29.198
338 933.762
339 -479.262
340 -168.907
341 -410.467
342 -1073.149
343 -406.054
344 -420.269
345 -626.491
346 100.066
347 51.539
348 -410.258
349 608.693
350 -91.857
351 731.366
352 1474.244
353 311.993
354 -621.621
355 -312.17
356 -167.084
357 1073.277
358 -577.669
359 98.512
360 897.916
361 387.048
362 436.092
363 384.406
364 796.338
365 171.363
366 1186.014
367 532.375
368 -67.322
369 -571.47
370 -1006.016
371 -870.356
372 -1473.338
373 -531.697
374 511.762
375 -341.578
376 616.349
377 -868.169
378 -932.58
379 -290.712
380 -596.421
381 -691.752
382 -654.281
383 -378.465
384 299.048
385 1404.295
386 -454.471
387 -613.067
388 811.42
389 -566.337
390 -617.346
391 728.805
392 332.382
393 505.37
394 113.328
395 179.504
396 -427.383
397 118.135
398 -113.304
399 -637.354
400 589.884
401 214.961
402 -864.652
403 24.675
404 -665.938
405 1027.751
406 -717.57
407 661.012
408 1197.434
409 -816.961
410 -181.208
411 1284.845
412 -827.055
413 952.495
414 -459.443
415 903.336
416 307.932
417 -282.398
418 -377.592
419 55.033
420 -97.515
421 -560.403
422 487.035
423 -524.562
424 -507.895
425 309.793
426 352.126
427 -522.434
428 495.029
429 344.045
430 331.591
431 -383.374
432 -749.156
433 47.679
434 423.58
435 -378.957
436 23.322
437 -42.078
438 825.886
439 619.943
440 -313.415
441 -618.875
442 548.45
443 -837.297
444 450.006
445 -398.887
446 550.11
447 417.318
448 -264.476
449 996.949
450 1200.557
451 436.05
452 474.347
453 140.927
454 -556.12
455 201.394
456 -192.931
457 -162.065
458 -843.796
459 -616.622
460 -393.19
461 -414.449
462 71.37
463 -229.939
464 -759.651
465 -367.451
466 415.722
467 -55.948
468 1166.85
469 -148.331
470 99.089
471 236.934
472 479.933
473 -1344.125
474 -158.288
475 -408.79
476 1107.527
477 976.551
478 223.896
479 938.719
480 280.084
481 -672.85
482 281.171
483 -304.135
484 -75.741
485 1177.528
486 -740.78
487 74.039
488 462.84
489 -290.741
490 -576.543
491 805.75
492 726.106
493 637.871
494 -174.965
495 -774.403
496 -526.44
497 71.507
498 1014.641
499 1660.141
500 72.212
501 5.519
502 911.699
503 124.44
504 -257.634
505 335.858
506 514.363
507 -804.541
508 1941.69
509 395.182
510 -87.586
511 -1168.482
512 -249.509
513 -13.997
514 374.022
515 -197.33
516 -720.446
517 -288.575
518 -1030.759
519 715.265
520 -196.014
521 -491.827
522 847.951
523 -702.797
524 -190.716
525 -1084.279
526 167.165
527 93.202
528 216.642
529 -718.187
530 208.652
531 537.526
532 -480.504
533 188.104
534 352.102
535 49.562
536 -627.747
537 -555.645
538 801.776
539 -707.539
540 559.74
541 1075.198
542 536.513
543 883.424
544 5.038
545 -23.255
546 886.464
547 64.084
548 279.335
549 318.457
550 -14.943
551 -977.782
552 -1033.439
553 213.631
554 -405.369
555 -273.532
556 87.35
557 354.25
558 86.076
559 203.782
560 -1209.376
561 -255.679
562 803.65
563 -317.597
564 600.593
565 482.974
566 1159.846
567 -611.345
568 -298.603
569 -42.436
570 161.123
571 555.365
572 -1241.7
573 301.847
574 9.354
575 155.142
576 -80.882
577 -172.919
578 -864.66
579 297.047
580 584.556
581 529.707
582 147.23
583 1062.038
584 379.197
585 460.237
586 232.664
587 26.39
588 176.269
589 361.844
590 -143.177
591 -119.05
592 532.977
593 404.287
594 439.987
595 -215.428
596 939.142
597 320.035
598 412.204
599 195.488
600 -566.036
601 -153.724
602 507.32
603 876.684
604 547.135
605 -423.886
606 -157.678
607 960.47
608 -479.311
609 -303.711
610 -480.684
611 -278.283
612 68.612
613 -952.271
614 -31.148
615 -7.124
616 -500.922
617 410.495
618 -451.084
619 -1088.106
620 158.931
621 -350.997
622 384.837
623 275.566
624 -541.043
625 504.863
626 599.553
627 668.314
628 17.821
629 1194.51
630 85.663
631 -37.591
632 -491.041
633 1081.161
634 952.487
635 625.509
636 167.598
637 81.696
638 -389.281
639 -1031.875
640 -680.881
641 629.176
642 272.839
643 -68.923
644 438.22
645 -4.763
646 -343.404
647 949.976
648 -548.54
649 497.65
650 308.997
651 720.664
652 -438.136
653 333.284
654 1231.182
655 98.622
656 1.409
657 -105.487
658 -544.417
659 919.956
660 1221.783
661 588.516
662 -448.369
663 -1319.534
664 119.601
665 261.875
666 320.837
667 -1261.922
668 -368.565
669 -180.963
670 1352.129
671 -168.127
672 438.045
673 -52.976
674 471.755
675 1228.302
676 628.356
677 1366.418
678 -93.523
679 -162.232
680 475.629
681 665.036
682 -638.737
683 1240.785
684 -528.919
685 785.968
686 -679.542
687 372.021
688 -26.331
689 385.198
690 -347.844
691 -1319.729
692 115.219
693 -554.323
694 4.618
695 -19.003
696 269.442
697 54.335
698 -221.692
699 -434.159
700 -734.225
701 159.299
702 161.931
703 877.186
704 -584.108
705 268.805
706 509.555
707 -402.722
708 -659.707
709 144.584
710 179.416
711 -170.798
712 791.254
713 -10.551
714 830.781
715 59.634
716 -698.318
717 -173.747
718 277.981
719 -1729.27
720 -260.721
721 -539.617
722 316.522
723 343.441
724 -155.034
725 -768.646
726 832.796
727 225.958
728 -503.233
729 1030.352
730 -691.124
731 -151.078
732 -241.951
733 -336.806
734 -633.276
735 289.942
736 802.563
737 -415.591
738 199.958
739 -527.492
740 -878.587
741 -39.777
742 457.362
743 302.635
744 717.553
745 -237.942
746 -261.444
747 624.71
748 -1142.858
749 -311.416
750 -426.692
751 725.223
752 -492.963
753 -658.771
754 -714.496
755 -160.793
756 -676.784
757 1246.29
758 -558.557
759 793.998
760 -228.339
761 733.859
762 1180.91
763 -173.285
764 1090.297
765 -215.672
766 447.678
767 -284.703
768 616.311
769 102.268
770 -157.448
771 -228.207
772 798.679
773 -502.236
774 -131.364
775 264.826
776 949.594
777 437.344
778 198.978
779 -1050.178
780 331.396
781 -421.961
782 -556.208
783 -665.588
784 -642.997
785 -1592.022
786 -7.832
787 -1302.022
788 -667.819
789 23.682
790 206.168
791 -387.94
792 -78.274
793 477.31
794 243.288
795 437.19
796 -1339.311
797 -479.018
798 349.19
799 -1161.103
800 239.36
801 -331.122
802 283.108
803 143.131
804 -531.182
805 618.44
806 -272.858
807 519.051
808 -600.441
809 -419.51
810 -614.414
811 275.923
812 552.126
813 1151.002
814 174.704
815 -668.701
816 -99.95
817 152.707
818 1314.474
819 -341.458
820 115.243
821 -47.874
822 422.986
823 -152.694
824 686.952
825 342.066
826 -1001.896
827 -663.153
828 -80.563
829 -665.336
830 -273.239
831 301.13
832 -236.672
833 -508.435
834 414.762
835 418.817
836 145.3
837 769.115
838 1031.19
839 -355.118
840 479.458
841 -1368.637
842 103.338
843 -343.723
844 165.983
845 -898.652
846 -641.322
847 -373.205
848 -1353.061
849 1074.998
850 -623.417
851 1057.815
852 -604.984
853 -529.235
854 1291.664
855 50.587
856 548.491
857 -9.971
858 -953.94
859 658.986
860 115.519
861 40.112
862 -77.835
863 656.496
864 700.933
865 -323.821
866 -251.987
867 -759.86
868 941.663
869 -683.746
870 293.019
871 -5.278
872 382.045
873 638.775
874 751.548
875 -977.24
876 -454.441
877 -95.036
878 261.903
879 -254.39
880 -852.033
881 157.761
882 608.946
883 -553.719
884 -516.545
885 270.89
886 29.439
887 889.781
888 -3.02
889 -560.572
890 -515.951
891 -141.059
892 -800.214
893 659.558
894 -513.377
895 174.997
896 -238.861
897 706.444
898 351.229
899 -266.061
900 336.133
901 -764.634
902 -163.558
903 -69.689
904 721.406
905 81.396
906 -686.701
907 510.204
908 -411.459
909 369.804
910 -782.973
911 -99.487
912 136.839
913 456.382
914 0.401
915 828.82
916 -427.38
917 -380.505
918 725.816
919 -283.337
920 345.817
921 170.511
922 1064.019
923 508.133
924 -1161.738
925 517.597
926 -683.815
927 257.187
928 430.369
929 6.431
930 -785.765
931 1408.638
932 -326.281
933 -201.226
934 68.638
935 942.535
936 -1442.238
937 329.99
938 1506.769
939 799.324
940 -199.903
941 1240.373
942 -108.075
943 -591.745
944 -288.562
945 554.797
946 -138.455
947 480.152
948 -698.434
949 -255.491
950 -51.515
951 -593.241
952 -13.031
953 -461.625
954 47.987
955 -102.164
956 16.306
957 824.838
958 559.87
959 805.916
960 -605.6
961 68.864
962 -663.489
963 749.675
964 -41.924
965 1291.606
966 -899.758
967 518.966
968 -818.589
969 -798.868
970 -198.719
971 556.764
972 572.437
973 -149.435
974 -138.323
975 -258.045
976 -258.999
977 -503.914
978 -1159.758
979 1272.132
980 -45.792
981 -247.354
982 39.738
983 -448.118
984 470.352
985 326.668
986 -918.82
987 38.686
988 -560.887
989 -512.631
990 -663.019
991 -96.423
992 -128.169
993 793.153
994 -295.315
995 143.712
996 582.82
997 -535.658
998 420.207
999 867.555
