7 4945
38 5071
107 4972
153 5000
162 5080
165 5081
178 5103
194 4963
195 5124
224 5036
239 4960
250 5196
263 4726
265 4979
285 5233
302 4889
350 9127
390 5216
418 4718
429 4891
447 5082
448 5110
484 5089
512 4947
547 4990
548 5361
551 4811
590 5180
621 4696
671 4926
681 4808
713 4916
733 5013
748 4975
770 5004
772 5308
816 5090
834 4911
843 5057
863 4827
877 4937
891 5045
893 4857
920 5081
939 4762
941 5379
1018 4753
1026 4975
1036 4967
1054 4888
1055 5085
1080 5129
1130 4960
1133 5079
1201 4759
1209 4925
1221 5095
1237 5128
1248 4952
1249 5028
1261 5140
1276 4942
1285 5140
1301 5213
1304 4572
1322 5212
1350 5089
1368 4774
1403 4911
1512 5160
1527 5118
1531 4852
1534 4996
1537 4737
1540 5185
1544 5115
1549 5148
1552 4980
1575 5058
1591 4758
1666 4853
1735 10177
1740 4792
1742 4845
1748 4893
1765 4932
1773 5005
1778 4944
1779 5040
1785 5060
1801 5300
1814 4920
1816 4728
1837 4713
1856 4778
1857 5027
1884 4831
1924 4950
1926 4919
1956 4873
1982 4786
1986 4937
1988 4945
2008 5024
2019 5084
2020 4885
2023 5050
2030 5021
2051 5099
2083 5018
2089 4974
2128 4896
2146 4956
2171 5016
2175 4786
2246 4818
2255 5136
2260 5015
2278 5261
2304 5013
2318 4967
2324 4836
2369 5295
2380 5099
2414 4863
2415 4862
2435 4924
2445 5063
2454 5097
2482 4628
2511 5196
2515 5242
2525 4978
2526 4962
2538 4916
2550 5194
2574 5018
2600 4941
2601 4958
2618 9851
2630 4874
2635 5060
2646 5572
2667 5090
2681 5142
2683 5401
2699 4912
2709 4713
2730 4857
2750 5261
2774 5089
2841 5046
2843 4837
2857 4811
2894 5017
2940 5037
3024 5162
3027 4785
3032 5052
3043 4729
3087 5120
3144 4791
3168 4944
3203 4861
3212 5081
3251 4924
3263 5265
3275 5152
3284 4765
3300 5315
3308 4892
3314 5241
3363 5038
3371 4850
3408 5148
3418 4953
3423 5121
3427 4645
3455 5250
3464 5243
3473 4917
3476 5210
3512 4902
3519 4838
3544 5192
3562 5053
3634 5049
3666 4965
3669 4774
3675 5172
3691 5019
3715 5057
3716 4961
3731 5144
3829 5139
3834 5153
3848 5346
3850 4592
3865 4768
3872 5179
3874 5163
3893 5054
3905 4689
3917 4877
3967 4904
3982 4815
4042 4746
4074 4910
4083 5199
4112 5347
4130 4990
4182 4955
4183 4953
4199 5041
4207 4989
4221 4540
4246 5319
4250 4853
4263 5210
4272 4814
4319 4667
4335 4903
4345 5117
4362 4848
4380 4826
4383 4786
4407 5084
4417 5048
4420 4947
4474 4804
4488 5036
4490 5267
4500 4844
4511 5010
4577 4747
4642 5182
4649 4848
4658 4450
4673 4938
4684 4842
4688 4906
4692 4889
4719 9902
4744 5397
4749 5050
4768 5050
4774 4964
4775 4740
4854 5022
4880 5315
4886 5249
4918 4843
4922 5087
4924 5135
4948 5017
4951 5047
4964 4920
5001 5055
5004 4981
5023 5001
5035 4779
5048 4972
5050 4775
5080 5138
5101 10089
5134 4786
5205 5407
5214 5182
5237 4653
5294 4822
5352 4716
5367 4714
5369 4882
5411 5144
5455 4873
5457 5119
5465 4689
5470 4997
5481 4872
5491 5098
5495 5199
5513 5092
5548 4867
5560 5073
5561 5151
5576 5120
5579 4927
5583 4714
5588 5098
5597 4695
5617 4352
5640 4923
5641 5058
5642 5177
5698 5113
5709 4886
5739 5054
5747 4916
5756 4839
5776 5109
5784 5366
5803 5281
5829 5102
5848 10059
5852 4792
5853 4752
5898 4954
5905 4906
5909 4752
5948 5332
5961 5006
6030 4854
6045 5196
6047 4877
6086 5066
6177 5184
6183 4912
6212 4690
6223 4938
6239 4909
6245 5202
6307 5158
6330 5410
6333 4959
6368 4861
6397 4959
6401 4810
6445 5060
6452 4746
6461 4528
6478 4852
6482 4968
6485 4746
6532 4972
6545 4991
6575 5400
6581 4842
6585 5165
6597 5012
6625 5299
6675 5166
6678 4971
6680 4830
6686 5083
6713 5102
6719 5012
6771 5006
6772 4643
6778 5047
6784 4963
6797 4973
6801 5291
6821 4796
6836 5101
6840 4959
6856 5342
6859 4603
6871 4904
6914 4905
6930 4974
6978 5513
7005 4934
7088 5122
7094 4920
7102 4790
7105 5010
7147 5064
7179 5029
7230 4953
7283 4881
7318 4800
7323 4969
7338 4972
7359 4993
7372 4506
7388 4777
7424 5296
7430 5567
7449 5155
7465 4944
7481 5085
7493 4838
7545 4909
7547 5276
7549 5193
7558 5052
7572 5097
7576 4856
7628 5009
7641 4640
7703 5071
7738 4731
7764 5279
7810 5192
7904 5379
7968 4890
7996 4958
8048 5100
8071 5099
8098 5246
8129 4774
8132 4843
8164 4903
8169 4953
8190 5280
8193 5370
8201 5073
8241 9913
8244 5102
8250 4734
8255 5429
8259 9747
8266 5018
8284 5359
8343 4968
8360 5284
8361 5267
8372 9731
8464 5132
8496 5202
8498 5252
8511 5156
8541 4937
8543 5115
8553 5107
8575 5032
8599 4931
8646 4972
8651 5184
8657 4987
8671 5121
8685 4938
8698 4967
8725 4859
8728 4843
8774 4907
8778 4873
8807 5022
8851 5097
8907 4968
8917 5009
8935 5016
8938 5223
8972 5118
9001 4791
9029 5195
9051 4867
9054 5093
9071 5022
9099 4764
9122 14578
9151 4877
9157 4917
9163 4975
9216 4821
9223 5248
9252 4606
9279 4959
9282 4803
9283 5156
9292 4953
9304 4898
9318 4944
9385 5217
9417 4917
9427 5199
9447 4898
9464 5074
9474 4966
9480 5190
9505 4792
9520 5071
9567 5141
9586 5071
9600 5167
9637 5085
9683 5179
9695 5219
9696 5416
9697 4966
9750 5357
9762 4925
9778 4997
9801 5037
9810 4903
9823 5091
9859 4998
9862 5088
9876 5285
9877 4746
9879 5360
9918 5005
9997 4872
10072 4944
10100 5049
10116 5085
10119 5601
10134 10012
10161 5234
10163 5267
10166 4921
10167 4950
10205 5271
10210 4791
10214 4868
10244 5055
10253 5053
10270 9964
10306 5197
10312 5142
10362 4955
10368 5155
10416 5054
10519 5099
10522 4989
10559 5043
10583 4946
10603 5093
10605 5297
10608 5340
10659 4871
10687 5141
10709 5012
10728 5172
10737 5071
10763 5290
10764 4857
10796 4763
10834 5003
10842 4622
10908 5257
10920 5128
10992 4885
11011 4758
11028 4952
11064 4944
11085 4934
11091 5041
11114 4848
11183 4911
11238 5477
11245 4956
11268 4819
11327 4847
11364 4769
11378 5015
11429 5081
11434 5194
11440 5015
11457 5090
11488 4926
11495 4923
11502 4909
11559 4678
11575 5216
11620 5125
11639 5129
11664 5324
11679 5065
11683 5052
11686 4870
11704 5266
11748 4990
11791 5091
11884 5158
11931 5289
11952 4847
11959 5091
11969 4961
11987 4595
11997 5177
12095 4853
12120 5204
12140 5151
12141 4817
12159 4960
12179 5006
12180 4793
12268 4954
12273 5225
12284 5040
12298 5058
12300 5069
12304 5213
12313 5019
12353 4813
12377 4875
12412 4828
12444 5086
12449 5097
12473 4668
12499 4822
12513 4649
12518 4939
12561 4981
12612 4853
12670 4967
12686 5201
12721 5208
12749 5202
12763 4856
12768 5247
12775 4825
12777 4946
12787 4840
12788 4886
12801 5338
12813 5044
12834 4654
12835 4818
12859 10383
12871 4819
12896 5087
12902 4858
12956 5040
12968 5071
12969 5424
12970 4909
12986 5057
12991 4971
13040 5561
13049 5139
13063 4981
13112 4948
13132 4697
13195 5083
13220 9837
13256 5075
13277 5096
13282 9850
13290 4877
13294 5188
13297 4679
13299 5169
13300 4948
13302 5043
13316 5207
13321 4839
13349 4745
13351 4659
13360 5253
13365 5033
13397 5270
13457 4938
13463 4948
13495 5242
13533 4974
13540 5164
13541 4894
13543 5041
13544 5197
13608 4850
13613 4762
13627 5297
13675 4856
13695 4487
13714 5145
13731 4922
13734 5294
13754 5167
13755 4825
13766 4703
13776 4954
13817 4955
13853 4980
13897 5035
13901 5045
13906 4736
13915 4827
13921 5061
13961 4507
13966 5060
13976 5144
13981 4854
14001 5054
14003 4797
14017 9630
14033 5131
14097 5113
14157 5183
14159 5025
14218 4865
14250 5237
14263 4766
14305 5057
14313 4988
14324 5120
14333 4889
14372 5336
14393 4884
14404 5467
14419 5174
14421 5070
14473 5267
14486 5148
14559 5177
14560 5010
14562 4778
14578 5209
14579 5233
14584 4903
14603 4457
14605 5022
14606 4749
14643 4740
14657 4892
14666 4834
14691 5045
14717 5430
14723 4822
14758 5200
14765 5080
14777 4995
14815 4796
14822 5057
14824 5277
14831 5381
14842 4761
14845 4896
14860 4933
14895 5053
14916 5053
14936 5187
14967 5202
14978 5109
15033 5105
15036 5032
15045 4807
15061 5106
15120 4972
15132 5155
15136 5012
15161 4819
15165 5052
15184 4883
15213 5033
15293 5329
15305 5104
15320 4968
15365 4690
15378 4829
15397 5386
15421 5096
15521 4920
15571 5303
15605 5094
15621 4657
15641 4768
15690 4791
15719 5112
15724 5166
15737 4756
15764 4845
15770 4864
15812 5216
15817 4723
15830 4952
15851 4951
15886 5155
15927 5217
16000 5200
16015 4873
16020 4989
16053 4794
16054 4876
16067 5030
16109 5234
16145 5178
16152 4798
16161 4993
16189 10715
16192 4995
16207 4736
16212 4989
16225 5073
16245 4931
16257 5137
16265 4705
16281 4840
16292 5007
16310 4978
16323 5384
16391 5044
16392 5354
16404 5295
16407 5011
16409 4698
16417 5078
16428 5134
16429 4599
16436 4823
16437 4937
16438 5121
16448 4707
16451 5315
16459 4896
16466 4673
16490 5032
16536 4924
16550 4966
16551 5286
16559 5146
16565 4956
16579 4939
16583 4883
16606 4998
16608 4630
16610 4937
16626 4874
16627 5121
16687 5044
16708 4985
16729 5020
16736 5086
16751 5121
16767 4940
16811 5413
16823 4582
16824 5222
16825 5012
16844 5181
16884 5042
16915 4731
16940 5053
16959 5101
16967 5146
16970 4823
17019 5036
17022 4895
17028 4824
17067 5110
17075 4260
17078 5255
17098 5064
17135 5155
17164 5175
17203 5293
17250 5122
17255 5180
17265 4775
17272 4916
17299 5040
17302 5248
17314 5119
17333 4784
17338 4974
17374 5082
17388 4899
17390 5145
17391 4957
17399 5131
17428 4656
17451 4580
17462 5038
17494 4967
17496 4910
17509 4781
17530 4877
17559 5166
17641 5439
17643 5063
17649 4742
17680 4990
17682 4998
17699 4807
17729 5090
17733 4872
17761 5353
17788 5097
17795 4537
17797 4988
17819 4980
17838 5031
17844 5130
17846 4977
17864 5204
17873 4941
17885 5249
17950 4982
17978 4824
18033 5026
18035 4943
18039 5075
18089 5095
18094 5242
18096 4883
18120 5180
18127 4880
18140 5139
18220 5117
18244 4572
18315 4975
18317 4966
18324 5097
18333 4812
18346 4996
18347 4637
18356 5025
18387 5131
18397 5012
18454 4756
18468 5040
18495 5037
18509 5048
18515 5192
18563 4999
18564 4992
18577 4844
18595 5168
18681 4695
18683 4809
18693 5130
18713 4904
18718 4893
18741 5092
18757 4684
18778 5083
18791 5305
18812 5072
18857 5132
18879 4982
18891 5372
18927 4892
18929 5102
18935 5361
18939 5143
18951 5098
18962 5174
18993 4776
19000 4896
19015 4869
19018 5391
19025 5072
19053 4567
19062 4640
19066 10388
19088 5210
19090 5035
19102 5056
19109 4746
19126 5196
19198 5107
19235 4900
19247 15031
19264 4937
19272 5016
19280 4802
19296 4843
19297 4959
19357 5035
19369 9597
19428 4845
19439 5207
19481 4713
19521 4923
19531 4988
19579 5144
19602 5023
19613 4823
19624 5109
19656 4838
19703 4919
19711 5017
19720 5181
19721 5129
19733 5194
19739 5119
19742 9789
19820 4633
19865 4914
19866 4968
19868 5108
19895 4846
19898 5196
19958 5113
19988 4833
19996 4688
