206 5037
1356 5023
1428 5054
2060 4866
2381 5282
2441 4882
2839 5119
2944 5248
3722 4631
3800 4785
4597 4737
4784 5163
4793 4649
4808 4972
4879 5040
5039 4986
5059 4956
5063 4954
5124 5170
5304 5483
5623 4801
5943 4908
6072 4642
6248 5086
6487 4909
6657 4873
6974 5209
7052 4812
7178 5088
7303 5106
7307 4694
7402 5016
7497 4766
7560 4736
7605 4964
7755 4816
7819 5067
7936 5123
7985 4993
8155 4897
8251 4744
8375 4956
8631 4901
8637 4718
8861 4911
8878 5154
8905 5252
9128 4759
9450 5041
9753 4992
9802 5100
9869 4959
9922 4999
10075 4952
10258 4656
10856 5092
10869 4703
11005 5275
11028 4569
11038 4801
11083 4813
11262 5079
11374 5182
11400 5235
11672 5267
12066 5107
12266 5193
12868 5253
12990 4808
13018 5069
13054 4864
13208 5159
13470 5068
13981 4684
14287 4936
14834 5341
14969 4975
15022 4906
15184 5071
15199 5051
15484 5193
15537 5015
15649 5253
15999 5188
16292 5035
17167 4974
17277 5189
17335 4985
17959 4953
18082 5258
18408 5004
18539 5189
18963 5112
19018 5110
19067 4904
19323 4759
19397 5117
19645 4891
19664 5047
19789 5064
