43 5128
49 4839
202 4633
324 5103
363 5151
818 4706
853 4796
858 5293
970 4891
1057 4944
1626 4862
2076 4967
2323 4958
2677 5058
2702 5092
2818 5453
2986 4984
3386 5019
3424 5107
3500 4966
3556 5110
3758 5145
4149 5000
4283 4957
4516 4974
4666 10495
4890 5135
5437 4982
5527 4724
6167 5066
6190 4955
6653 4858
6663 4819
6734 5020
7066 5100
7424 4929
7657 5021
7698 5192
7710 4891
7875 4890
7909 5143
8030 4651
8186 5386
8191 5084
8198 5122
8358 5222
9556 5106
9953 5301
9964 4880
10454 5006
10605 5023
10622 5022
11094 5320
11155 4670
11187 4613
11288 4503
11430 4813
11887 4897
12003 4829
12035 4870
12342 4933
12615 4833
12953 4848
13227 5038
13615 5004
13782 4835
14476 5083
14611 5179
14915 5266
15098 4728
15120 4975
15231 5236
15363 4920
15394 5342
15672 5178
15829 5066
15866 5136
15890 5221
15901 5388
16100 4951
16888 4761
16905 5320
16983 4898
17141 4914
17290 4676
17412 5300
17458 4807
17542 5276
17631 5196
17695 5205
17998 5108
18225 5067
18435 5169
18504 5016
18816 4899
19071 5082
19649 4786
19713 4609
19724 4995
