294 49065
526 50515
801 50517
877 51072
1080 50183
1087 50538
1264 50075
1467 50966
1826 50682
2167 49958
2301 48840
2400 51177
2405 49549
3070 49491
3384 50269
3417 50359
3487 49330
3612 49793
3719 49315
3993 49480
4500 50064
4745 50100
5613 48728
5640 50005
5910 49816
6044 48859
6657 51570
6660 49902
6861 49956
6924 50780
6933 49906
7099 49407
7275 49606
7825 50483
7855 49839
7888 49613
7895 50378
7914 50316
8342 50471
8466 49607
8677 50252
8680 50004
9166 49981
9593 48471
9753 50112
10436 49471
10443 51590
10574 49998
10578 49770
11054 49743
11193 49260
11328 49585
11411 49921
11686 51181
11871 50077
11949 49573
12138 50381
12368 49696
12377 49535
12556 49435
12619 49976
12788 49769
12796 50888
13159 50861
13181 49258
13488 48989
13641 50712
13789 49628
13799 50434
13930 51592
13955 50356
14066 49980
14425 50262
14447 49954
14449 50283
14560 50144
14673 49645
15208 50032
15233 49987
15430 51071
15556 49443
15978 49421
16035 48431
16197 50442
16262 50061
16279 50985
16281 49565
16356 50162
16426 49049
16438 49416
18000 49336
18417 49583
18578 49870
18761 50103
18803 49901
18851 49292
18964 50291
19083 50140
19743 50279
19975 50740
