0 498935
1 500037
2 503084
3 501421
4 500341
5 498334
6 502413
7 499376
8 500240
9 501077
10 500721
11 500218
12 501751
13 500402
14 498688
15 497441
16 501360
17 502141
18 500169
19 500279
20 500820
21 500775
22 498665
23 505046
24 496453
25 500938
26 501521
27 502796
28 499139
29 498783
30 497968
31 502473
32 496298
33 499808
34 501859
35 500197
36 496747
37 502265
38 499751
39 500888
40 502584
41 499370
42 499956
43 498439
44 500499
45 497640
46 499093
47 498546
48 497907
49 500212
50 499367
51 497517
52 496075
53 499709
54 498983
55 499518
56 500795
57 499510
58 501501
59 496102
60 499762
61 502820
62 502410
63 499665
64 500313
65 502247
66 499508
67 500481
68 501613
69 502674
70 502121
71 503775
72 496815
73 499119
74 499657
75 499407
76 496871
77 500508
78 503920
79 498477
80 503110
81 497194
82 500730
83 498873
84 503791
85 499359
86 497645
87 496139
88 496753
89 501645
90 498111
91 503861
92 500296
93 499925
94 499998
95 499081
96 496601
97 501625
98 499037
99 496870
